system:index,bands_value,label,latitude,longitude,system:time_start,.geo
0_2019_08,"{B2=564.0, B3=752.0, B4=702.5, B5=1206.0, B6=1905.0, B7=2163.5, B8=2162.0, B8A=2284.0, B11=1692.5, B12=1032.0, VV=-13.192168088485015, VH=-17.735254043014677}",1,33.10706273294816,120.8595777496746,2019-08-01T00:00:00,"{""type"":""MultiPoint"",""coordinates"":[]}"
0_2019_09,"{B2=510.1311475409836, B3=684.155737704918, B4=644.0573770491803, B5=1020.5081967213115, B6=1604.1475409836066, B7=1818.9426229508197, B8=1865.2131147540983, B8A=1945.032786885246, B11=1295.344262295082, B12=793.655737704918, VV=-13.503705655379854, VH=-17.781548071607798}",1,33.10706273294816,120.8595777496746,2019-09-01T00:00:00,"{""type"":""MultiPoint"",""coordinates"":[]}"
0_2019_10,"{B2=458.0, B3=618.5, B4=587.5, B5=841.0, B6=1313.0, B7=1485.5, B8=1578.0, B8A=1617.0, B11=911.0, B12=563.0, VV=-12.295782693367931, VH=-16.777615080596227}",1,33.10706273294816,120.8595777496746,2019-10-01T00:00:00,"{""type"":""MultiPoint"",""coordinates"":[]}"
0_2019_11,"{B2=526.0, B3=781.5, B4=870.5, B5=1222.0, B6=1894.5, B7=2181.5, B8=2446.0, B8A=2359.5, B11=1422.0, B12=887.0, VV=-11.26461320664513, VH=-15.714414920743156}",1,33.10706273294816,120.8595777496746,2019-11-01T00:00:00,"{""type"":""MultiPoint"",""coordinates"":[]}"
0_2019_12,"{B2=835.0, B3=991.5, B4=1055.0, B5=1382.5, B6=1699.5, B7=1881.5, B8=2128.0, B8A=2124.5, B11=1465.5, B12=867.5, VV=-10.892606182904371, VH=-17.12351281315022}",1,33.10706273294816,120.8595777496746,2019-12-01T00:00:00,"{""type"":""MultiPoint"",""coordinates"":[]}"
0_2020_01,"{B2=680.5, B3=835.25, B4=967.5, B5=1224.0, B6=1416.0, B7=1543.0, B8=1757.5, B8A=1752.5, B11=1584.25, B12=1041.25, VV=-10.828112044235569, VH=-14.193188964211236}",1,33.10706273294816,120.8595777496746,2020-01-01T00:00:00,"{""type"":""MultiPoint"",""coordinates"":[]}"
0_2020_02,"{B2=526.0, B3=679.0, B4=880.0, B5=1065.5, B6=1132.5, B7=1204.5, B8=1387.0, B8A=1380.5, B11=1703.0, B12=1215.0, VV=-9.826011269263748, VH=-14.626707040916225}",1,33.10706273294816,120.8595777496746,2020-02-01T00:00:00,"{""type"":""MultiPoint"",""coordinates"":[]}"
0_2020_03,"{B2=582.5, B3=711.5, B4=895.0, B5=1209.5, B6=1328.5, B7=1421.5, B8=1353.0, B8A=1542.5, B11=1927.5, B12=1451.0, VV=-9.844914480115225, VH=-14.066441734759309}",1,33.10706273294816,120.8595777496746,2020-03-01T00:00:00,"{""type"":""MultiPoint"",""coordinates"":[]}"
0_2020_04,"{B2=805.0, B3=904.0, B4=1078.0, B5=1254.0, B6=1333.5, B7=1437.5, B8=1594.0, B8A=1569.0, B11=2017.5, B12=1528.0, VV=-8.98157548393517, VH=-16.97588595856542}",1,33.10706273294816,120.8595777496746,2020-04-01T00:00:00,"{""type"":""MultiPoint"",""coordinates"":[]}"
0_2020_05,"{B2=688.0, B3=842.0, B4=985.0, B5=1309.5, B6=1505.5, B7=1677.0, B8=1638.0, B8A=1805.0, B11=2166.0, B12=1661.5, VV=-10.141556854265328, VH=-14.781986128787413}",1,33.10706273294816,120.8595777496746,2020-05-01T00:00:00,"{""type"":""MultiPoint"",""coordinates"":[]}"
0_2020_06,"{B2=656.5, B3=770.5, B4=820.5, B5=1124.5, B6=1418.5, B7=1563.5, B8=1576.0, B8A=1668.0, B11=1894.5, B12=1353.0, VV=-11.761225073390536, VH=-14.931327256589473}",1,33.10706273294816,120.8595777496746,2020-06-01T00:00:00,"{""type"":""MultiPoint"",""coordinates"":[]}"
0_2020_07,"{B2=824.0, B3=924.5, B4=832.5, B5=1162.0, B6=1720.0, B7=1943.0, B8=1941.0, B8A=2025.5, B11=1665.5, B12=1050.0, VV=-14.534100350560582, VH=-16.347601267123316}",1,33.10706273294816,120.8595777496746,2020-07-01T00:00:00,"{""type"":""MultiPoint"",""coordinates"":[]}"
0_2020_08,"{B2=314.0, B3=544.0, B4=414.0, B5=926.0, B6=2005.0, B7=2414.0, B8=2402.0, B8A=2571.0, B11=1501.0, B12=847.0, VV=-13.83570959530873, VH=-19.80849201962596}",1,33.10706273294816,120.8595777496746,2020-08-01T00:00:00,"{""type"":""MultiPoint"",""coordinates"":[]}"
0_2020_09,"{B2=539.5, B3=731.5, B4=526.0, B5=975.0, B6=2044.0, B7=2389.0, B8=2458.0, B8A=2488.5, B11=1295.5, B12=666.0, VV=-13.489037656660471, VH=-17.18300116170368}",1,33.10706273294816,120.8595777496746,2020-09-01T00:00:00,"{""type"":""MultiPoint"",""coordinates"":[]}"
0_2020_10,"{B2=525.5, B3=812.5, B4=681.0, B5=1248.5, B6=2235.0, B7=2565.0, B8=2848.0, B8A=2797.5, B11=1433.0, B12=773.0, VV=-11.963888427988316, VH=-14.863911863947575}",1,33.10706273294816,120.8595777496746,2020-10-01T00:00:00,"{""type"":""MultiPoint"",""coordinates"":[]}"
0_2020_11,"{B2=714.0, B3=974.5, B4=946.0, B5=1418.5, B6=2157.5, B7=2452.5, B8=2557.0, B8A=2615.5, B11=1490.0, B12=856.0, VV=-11.992912229321657, VH=-14.692958276912556}",1,33.10706273294816,120.8595777496746,2020-11-01T00:00:00,"{""type"":""MultiPoint"",""coordinates"":[]}"
0_2020_12,"{B2=394.5, B3=672.5, B4=794.0, B5=1237.0, B6=1612.0, B7=1783.5, B8=2142.0, B8A=1999.5, B11=1455.0, B12=880.0, VV=-9.662369437929943, VH=-15.755540631366657}",1,33.10706273294816,120.8595777496746,2020-12-01T00:00:00,"{""type"":""MultiPoint"",""coordinates"":[]}"
0_2021_01,"{B2=569.5, B3=739.0, B4=1125.0, B5=1328.5, B6=1473.0, B7=1664.0, B8=1995.0, B8A=1938.5, B11=1898.5, B12=1232.5, VV=-9.716355656302675, VH=-15.473745270919581}",1,33.10706273294816,120.8595777496746,2021-01-01T00:00:00,"{""type"":""MultiPoint"",""coordinates"":[]}"
0_2021_02,"{B2=675.0, B3=871.0, B4=1181.0, B5=1368.5, B6=1468.5, B7=1619.5, B8=1846.0, B8A=1830.5, B11=1982.0, B12=1345.5, VV=-8.789546612659809, VH=-15.932291940045255}",1,33.10706273294816,120.8595777496746,2021-02-01T00:00:00,"{""type"":""MultiPoint"",""coordinates"":[]}"
0_2021_03,"{B2=995.0, B3=1168.0, B4=1366.0, B5=1551.0, B6=1558.5, B7=1634.5, B8=1735.0, B8A=1753.0, B11=2264.5, B12=1714.5, VV=-8.97621104242062, VH=-14.213224406540196}",1,33.10706273294816,120.8595777496746,2021-03-01T00:00:00,"{""type"":""MultiPoint"",""coordinates"":[]}"
0_2021_04,"{B2=1049.0, B3=1155.0, B4=1210.0, B5=1357.5, B6=1364.5, B7=1462.0, B8=1582.0, B8A=1550.5, B11=2071.5, B12=1654.0, VV=-9.174513477901026, VH=-13.92771650488398}",1,33.10706273294816,120.8595777496746,2021-04-01T00:00:00,"{""type"":""MultiPoint"",""coordinates"":[]}"
0_2021_05,"{B2=720.0, B3=853.0, B4=970.0, B5=1229.0, B6=1477.5, B7=1615.0, B8=1718.0, B8A=1750.5, B11=2186.5, B12=1671.0, VV=-10.543792587447982, VH=-13.767387628781805}",1,33.10706273294816,120.8595777496746,2021-05-01T00:00:00,"{""type"":""MultiPoint"",""coordinates"":[]}"
0_2021_06,"{B2=597.0, B3=759.0, B4=788.5, B5=1160.5, B6=1641.5, B7=1902.0, B8=1987.5, B8A=2070.0, B11=2069.5, B12=1448.5, VV=-13.007352883071981, VH=-15.509118977171944}",1,33.10706273294816,120.8595777496746,2021-06-01T00:00:00,"{""type"":""MultiPoint"",""coordinates"":[]}"
0_2021_07,"{B2=369.0, B3=586.0, B4=565.5, B5=1098.5, B6=1831.5, B7=2065.0, B8=2016.0, B8A=2225.0, B11=1691.5, B12=1008.0, VV=-11.795632662584223, VH=-16.031591200785076}",1,33.10706273294816,120.8595777496746,2021-07-01T00:00:00,"{""type"":""MultiPoint"",""coordinates"":[]}"
0_2021_08,"{B2=648.5, B3=819.0, B4=682.5, B5=1129.0, B6=1948.0, B7=2294.5, B8=2268.0, B8A=2427.0, B11=1433.0, B12=815.0, VV=-13.619010442022049, VH=-16.722765433330014}",1,33.10706273294816,120.8595777496746,2021-08-01T00:00:00,"{""type"":""MultiPoint"",""coordinates"":[]}"
0_2021_09,"{B2=354.5, B3=551.5, B4=414.5, B5=995.0, B6=2071.0, B7=2472.5, B8=2523.0, B8A=2622.0, B11=1303.5, B12=685.5, VV=-12.72505209330454, VH=-15.429771297672485}",1,33.10706273294816,120.8595777496746,2021-09-01T00:00:00,"{""type"":""MultiPoint"",""coordinates"":[]}"
0_2021_10,"{B2=433.0, B3=616.5, B4=449.5, B5=1066.5, B6=1998.0, B7=2338.5, B8=2432.0, B8A=2502.0, B11=1097.0, B12=520.5, VV=-12.310698998974377, VH=-16.85955960724128}",1,33.10706273294816,120.8595777496746,2021-10-01T00:00:00,"{""type"":""MultiPoint"",""coordinates"":[]}"
0_2021_11,"{B2=350.5, B3=540.5, B4=568.5, B5=1001.0, B6=1680.0, B7=1958.0, B8=2179.5, B8A=2113.5, B11=1225.0, B12=673.5, VV=-10.411360963111774, VH=-16.96800823497222}",1,33.10706273294816,120.8595777496746,2021-11-01T00:00:00,"{""type"":""MultiPoint"",""coordinates"":[]}"
0_2021_12,"{B2=289.0, B3=450.5, B4=572.0, B5=963.0, B6=1300.0, B7=1464.0, B8=1714.5, B8A=1701.0, B11=1148.5, B12=666.5, VV=-9.481794217635818, VH=-15.300188868151867}",1,33.10706273294816,120.8595777496746,2021-12-01T00:00:00,"{""type"":""MultiPoint"",""coordinates"":[]}"
0_2022_01,"{B2=902.5, B3=994.5, B4=1134.5, B5=1413.5, B6=1506.0, B7=1630.0, B8=1791.0, B8A=1757.5, B11=1371.5, B12=823.0, VV=-10.32187847820573, VH=-15.145151869153977}",1,33.10706273294816,120.8595777496746,2022-01-01T00:00:00,"{""type"":""MultiPoint"",""coordinates"":[]}"
0_2022_02,"{B2=321.5, B3=439.0, B4=783.5, B5=979.5, B6=1159.5, B7=1317.0, B8=1492.5, B8A=1533.0, B11=1575.5, B12=998.5, VV=-7.833101907887342, VH=-13.0518743925651}",1,33.10706273294816,120.8595777496746,2022-02-01T00:00:00,"{""type"":""MultiPoint"",""coordinates"":[]}"
0_2022_03,"{B2=373.5, B3=516.0, B4=860.0, B5=1106.5, B6=1257.0, B7=1384.5, B8=1508.0, B8A=1568.0, B11=1722.5, B12=1145.0, VV=-11.420383315676098, VH=-14.082165415745088}",1,33.10706273294816,120.8595777496746,2022-03-01T00:00:00,"{""type"":""MultiPoint"",""coordinates"":[]}"
0_2022_04,"{B2=612.5, B3=735.0, B4=909.0, B5=1253.5, B6=1373.5, B7=1497.5, B8=1405.5, B8A=1655.0, B11=1927.0, B12=1414.5, VV=-11.927557859210191, VH=-17.282664063748257}",1,33.10706273294816,120.8595777496746,2022-04-01T00:00:00,"{""type"":""MultiPoint"",""coordinates"":[]}"
0_2022_05,"{B2=350.0, B3=495.5, B4=593.0, B5=899.0, B6=1292.5, B7=1457.0, B8=1492.0, B8A=1605.0, B11=1826.5, B12=1230.5, VV=-13.016109087313659, VH=-18.448067240642228}",1,33.10706273294816,120.8595777496746,2022-05-01T00:00:00,"{""type"":""MultiPoint"",""coordinates"":[]}"
0_2022_06,"{B2=381.5, B3=480.5, B4=549.5, B5=920.5, B6=1339.5, B7=1525.5, B8=1542.0, B8A=1730.5, B11=1715.5, B12=1147.0, VV=-14.272772867788985, VH=-18.578705578934937}",1,33.10706273294816,120.8595777496746,2022-06-01T00:00:00,"{""type"":""MultiPoint"",""coordinates"":[]}"
0_2022_07,"{B2=427.0, B3=576.0, B4=593.5, B5=1015.0, B6=1552.5, B7=1849.0, B8=1881.0, B8A=2026.0, B11=1738.5, B12=1070.5, VV=-16.547987152752196, VH=-20.693511754678337}",1,33.10706273294816,120.8595777496746,2022-07-01T00:00:00,"{""type"":""MultiPoint"",""coordinates"":[]}"
0_2022_08,"{B2=2062.0, B3=2051.0, B4=2050.0, B5=2379.0, B6=2237.0, B7=2358.5, B8=2404.0, B8A=2468.0, B11=1646.5, B12=1520.0, VV=-16.49645888582294, VH=-19.384842426142498}",1,33.10706273294816,120.8595777496746,2022-08-01T00:00:00,"{""type"":""MultiPoint"",""coordinates"":[]}"
0_2022_09,"{B2=1136.827868852459, B3=1278.032786885246, B4=1201.0573770491803, B5=1708.1803278688526, B6=2308.1475409836066, B7=2570.1639344262294, B8=2893.9016393442625, B8A=2714.9836065573772, B11=1480.3196721311476, B12=1081.4262295081967, VV=-14.985658249579286, VH=-19.832347620570633}",1,33.10706273294816,120.8595777496746,2022-09-01T00:00:00,"{""type"":""MultiPoint"",""coordinates"":[]}"
0_2022_10,"{B2=241.5, B3=530.0, B4=379.5, B5=1059.0, B6=2377.0, B7=2775.0, B8=3368.0, B8A=2954.0, B11=1319.5, B12=657.0, VV=-11.749115265439139, VH=-16.34213273406089}",1,33.10706273294816,120.8595777496746,2022-10-01T00:00:00,"{""type"":""MultiPoint"",""coordinates"":[]}"
0_2022_11,"{B2=522.0, B3=767.0, B4=755.0, B5=1248.0, B6=2201.0, B7=2514.0, B8=2796.0, B8A=2804.0, B11=1469.0, B12=793.0, VV=-10.661007705144447, VH=-15.391672438274055}",1,33.10706273294816,120.8595777496746,2022-11-01T00:00:00,"{""type"":""MultiPoint"",""coordinates"":[]}"
0_2022_12,"{B2=470.0, B3=649.5, B4=747.0, B5=1087.0, B6=1454.5, B7=1622.0, B8=1925.5, B8A=1795.5, B11=1569.0, B12=1006.0, VV=-9.460941238481134, VH=-15.795288075346274}",1,33.10706273294816,120.8595777496746,2022-12-01T00:00:00,"{""type"":""MultiPoint"",""coordinates"":[]}"
0_2023_01,"{B2=364.0, B3=565.0, B4=828.0, B5=1088.0, B6=1325.0, B7=1485.0, B8=1800.5, B8A=1766.0, B11=1732.5, B12=1121.0, VV=-10.954185317465804, VH=-15.968406381883556}",1,33.10706273294816,120.8595777496746,2023-01-01T00:00:00,"{""type"":""MultiPoint"",""coordinates"":[]}"
0_2023_02,"{B2=587.0, B3=768.0, B4=1138.0, B5=1302.0, B6=1394.0, B7=1544.5, B8=1822.0, B8A=1765.0, B11=2059.5, B12=1387.5, VV=-9.643945515376885, VH=-18.317972111877936}",1,33.10706273294816,120.8595777496746,2023-02-01T00:00:00,"{""type"":""MultiPoint"",""coordinates"":[]}"
0_2023_03,"{B2=604.0, B3=814.0, B4=1230.0, B5=1466.0, B6=1554.0, B7=1771.0, B8=1892.5, B8A=2034.0, B11=2424.5, B12=1686.0, VV=-8.912127506009268, VH=-17.399276100937083}",1,33.10706273294816,120.8595777496746,2023-03-01T00:00:00,"{""type"":""MultiPoint"",""coordinates"":[]}"
0_2023_04,"{B2=594.5, B3=786.5, B4=1001.0, B5=1203.0, B6=1364.0, B7=1557.5, B8=1662.0, B8A=1691.0, B11=2317.5, B12=1678.0, VV=-8.477262196377094, VH=-17.071909619595793}",1,33.10706273294816,120.8595777496746,2023-04-01T00:00:00,"{""type"":""MultiPoint"",""coordinates"":[]}"
0_2023_05,"{B2=504.0, B3=675.5, B4=798.0, B5=1073.5, B6=1443.0, B7=1614.0, B8=1652.0, B8A=1741.5, B11=2203.0, B12=1573.0, VV=-9.909636954371384, VH=-16.505003087212145}",1,33.10706273294816,120.8595777496746,2023-05-01T00:00:00,"{""type"":""MultiPoint"",""coordinates"":[]}"
0_2023_06,"{B2=339.5, B3=428.5, B4=540.0, B5=920.0, B6=1500.0, B7=1764.5, B8=1915.0, B8A=1946.0, B11=2170.0, B12=1487.5, VV=-9.909636954371384, VH=-16.505003087212145}",1,33.10706273294816,120.8595777496746,2023-06-01T00:00:00,"{""type"":""MultiPoint"",""coordinates"":[]}"
0_2023_07,"{B2=327.0, B3=536.0, B4=387.5, B5=983.5, B6=2074.0, B7=2425.5, B8=2475.0, B8A=2619.5, B11=1559.0, B12=828.0, VV=-13.122148774238822, VH=-17.9538701444354}",1,33.10706273294816,120.8595777496746,2023-07-01T00:00:00,"{""type"":""MultiPoint"",""coordinates"":[]}"
0_2023_08,"{B2=460.0, B3=689.0, B4=470.0, B5=1080.0, B6=2045.5, B7=2378.5, B8=2485.0, B8A=2597.5, B11=1443.0, B12=782.5, VV=-15.104174748243661, VH=-19.953184424791424}",1,33.10706273294816,120.8595777496746,2023-08-01T00:00:00,"{""type"":""MultiPoint"",""coordinates"":[]}"
1_2023_09,"{B2=1253.0, B3=1654.0, B4=2159.0, B5=2332.0, B6=2424.5, B7=2620.5, B8=3178.0, B8A=2841.5, B11=2885.0, B12=2090.0, VV=-9.125172476588856, VH=-14.954406310902334}",2,33.10706273294816,120.8595777496746,2023-09-01T00:00:00,"{""type"":""MultiPoint"",""coordinates"":[]}"
1_2023_10,"{B2=691.0, B3=893.0, B4=1069.0, B5=1310.5, B6=1612.0, B7=1793.0, B8=1912.5, B8A=1891.5, B11=1622.0, B12=1209.5, VV=-7.562762788170704, VH=-13.75218533599467}",2,33.10706273294816,120.8595777496746,2023-10-01T00:00:00,"{""type"":""MultiPoint"",""coordinates"":[]}"
1_2023_11,"{B2=777.0, B3=1023.0, B4=1178.0, B5=1436.0, B6=1985.5, B7=2206.0, B8=2450.0, B8A=2309.0, B11=1997.0, B12=1477.5, VV=-7.8953974440349555, VH=-16.508779994801053}",2,33.10706273294816,120.8595777496746,2023-11-01T00:00:00,"{""type"":""MultiPoint"",""coordinates"":[]}"
1_2023_12,"{B2=612.0, B3=783.0, B4=901.5, B5=963.5, B6=671.0, B7=678.0, B8=800.0, B8A=614.0, B11=203.5, B12=139.5, VV=-8.316959953789073, VH=-16.73569163013267}",2,33.10706273294816,120.8595777496746,2023-12-01T00:00:00,"{""type"":""MultiPoint"",""coordinates"":[]}"
2_2024_01,"{B2=503.5, B3=852.0, B4=579.0, B5=643.5, B6=171.5, B7=131.5, B8=126.0, B8A=80.0, B11=50.0, B12=50.5, VV=-19.920211357440053, VH=-29.370342533371325}",3,33.10706273294816,120.8595777496746,2024-01-01T00:00:00,"{""type"":""MultiPoint"",""coordinates"":[]}"
2_2024_02,"{B2=571.0, B3=958.0, B4=712.0, B5=703.0, B6=200.0, B7=186.0, B8=137.0, B8A=100.5, B11=82.5, B12=65.5, VV=-17.320238571866998, VH=-33.17449509219384}",3,33.10706273294816,120.8595777496746,2024-02-01T00:00:00,"{""type"":""MultiPoint"",""coordinates"":[]}"
2_2024_03,"{B2=1474.0, B3=1616.0, B4=1279.0, B5=1327.5, B6=809.5, B7=776.0, B8=787.5, B8A=569.0, B11=390.5, B12=246.0, VV=-17.60677832345503, VH=-28.31900593531019}",3,33.10706273294816,120.8595777496746,2024-03-01T00:00:00,"{""type"":""MultiPoint"",""coordinates"":[]}"
2_2024_04,"{B2=495.0, B3=711.5, B4=600.0, B5=614.5, B6=259.5, B7=285.0, B8=253.5, B8A=221.5, B11=145.5, B12=122.5, VV=-18.75343370979347, VH=-29.225770549942776}",3,33.10706273294816,120.8595777496746,2024-04-01T00:00:00,"{""type"":""MultiPoint"",""coordinates"":[]}"
2_2024_05,"{B2=960.5, B3=1133.0, B4=969.0, B5=981.5, B6=668.0, B7=665.0, B8=621.0, B8A=598.0, B11=473.0, B12=424.0, VV=-16.04359816569971, VH=-29.07230231072131}",3,33.10706273294816,120.8595777496746,2024-05-01T00:00:00,"{""type"":""MultiPoint"",""coordinates"":[]}"
2_2024_06,"{B2=1174.0, B3=1463.0, B4=1268.0, B5=1403.5, B6=938.0, B7=921.5, B8=864.0, B8A=889.5, B11=845.5, B12=799.0, VV=-19.883737455325644, VH=-29.310935777302454}",3,33.10706273294816,120.8595777496746,2024-06-01T00:00:00,"{""type"":""MultiPoint"",""coordinates"":[]}"
2_2024_07,"{B2=747.5, B3=1020.5, B4=797.0, B5=846.0, B6=533.0, B7=561.0, B8=457.0, B8A=490.5, B11=407.5, B12=358.0, VV=-18.860048114838808, VH=-33.80362219829416}",3,33.10706273294816,120.8595777496746,2024-07-01T00:00:00,"{""type"":""MultiPoint"",""coordinates"":[]}"
